Webots Project File version R2025a
perspectives: 000000ff00000000fd00000003000000000000000000000000fc0100000002fc00000000ffffffff0000000000fffffffc0200000001fb00000012005300630065006e0065005400720065006501000000000000039f0000000000000000fb0000001a0044006f00630075006d0065006e0074006100740069006f006e0000000000ffffffff0000000000000000000000010000016700000324fc0200000002fb0000001a0043006f006e0073006f006c00650041006c006c0041006c006c0100000000000003240000003900fffffffb0000001400540065007800740045006400690074006f00720000000000000001d70000004500ffffff00000003000005be0000014bfc0100000002fb0000000e0043006f006e0073006f006c006501000000000000073f0000000000000000fc00000000000005be0000000000fffffffa000000000100000001fb0000001a0043006f006e0073006f006c00650041006c006c0041006c006c030000000000000262000005bc00000086000004550000032400000004000000040000000100000008fc00000000
simulationViewPerspectives: 000000ff000000010000000200000000000004530100000002010000000101
sceneTreePerspectives: 000000ff00000001000000030000001e000000c00000011b0100000002010000000201
maximizedDockId: -1
centralWidgetVisible: 1
orthographicViewHeight: 1
textFiles: -1
consoles: Console:All:All
renderingDevicePerspectives: Pioneer 3-AT:display;1;1.83889;0.765633;0
